010301023202
1202311
320202011
1301311213232
1220302
23121233
022113330
23020300203
223031
23001120011330
112211202121
221011
223330
2001110
3123332100
10121310201221
32032300303113
011133103300
2112011212202
1302313112
12122
000202023203
10312231300
1233020032
12200230333
1202102310
1101133202002
332223
0322301113
2333321302031
232031
233200313132
2120132
2300220101
30230103232
23020
011321
023033
0130200032211
322333211
2332222232312
11133212032030
00333211000231
22231
13322121231230
1231200
1030221330
13030232
223302
22030120301
02211211103222
1231122023
223313131222
3231012101213
113032033
030312300210
3100010021031
30120033112
21221101202200
0302200110
0213330
2132212032033
31201
1231010300
21103223210100
120321113
23030211321100
100101331213
2201100121
1303002113
10201010
02310311
20320
2113202300010
231022
232022303
2031230130101
2003333121
000032
310100230
0132231
21212312
212003010003
03232023
1032323121
02332133
301220032003
0132110
00030303212
2102131
00202123231232
31233
11221
01211231013332
22301020322010
2020232103
02223002022
2110121
01103121113101
3102120
