1010101001101
00100010110011
10101111100
1010010000100
00011110
00101101
000010111
11111
101010
111001101111
100011101
00110011
1011100011
0000111
001001111
0111010111001
0101100
01110000
0101110
011001010
0001010100101
1110011000001
010010000
1011001
101100
00110111
11011
0001101010111
10101000
10101011000110
00011100110
001101000
001001
01100011001001
10110
1011001
11110111101
1111101111
100000010101
10000010111110
10100100101
11011011
11110001000010
01111011010
01011100
001001110111
00111
1101100000
10000001101
1101001110101
0100110
00100001
1010111
000010010
01001011001
000111
010010010
10110101101111
01110111
0100011
1010011
10011110000010
1101110
11011000
00001100
10110000
1001111001001
01001100001
00100000110110
1110110
01101100
01000001
001111001
111110
000110010
000010101
0011110
01101110100100
000110000010
0010101
101001111
111001100
00100010000101
100011
000111110110
001011001
0000001
01011
10100100010100
0010101111
11100001001101
00111111101
101110010
0000111001010
000101000111
1101101111011
10010
11111111001
110001
100110011
