01001110100001110010011111100100001110
0000011111000111100111110101001100101111011010000011001011
101001010101100010011000001011001111010001011
1011100100101011000110000010001100110100110011111111111000
001101011110100110101010011011011001110101111110
011001011000110101010111011001100001010111100110101
1100010011010000111100100111100
100100110100010101001001110000011111
0010010111100100011101101110000001011000001
11010110001110011001100011111010110101001111110010
110101010001111110111000101011
000000010111000110000010011001011010
1110101110111111001111001100000111000101
10000010101100010010111010000111001
00011101111110101110110110010110011100001110011100
11000001010011000010101100000001001011
110000010000101010110110111001000000001001010011000001
1001111110110111101001111010000110101010000111001100
110110111101001011111000000100001
1011000000110001001001101101100100000
10001000000110101011111000000001101000
00001111011100100100110100000011111000001101110100111101
1011100011111100101000001000011
101011100001101100100011011000001100010110011
0101011101000000011111000001111111010001101101111000
0000111000101001010000101010010000110010110011100101
1111011110111011000100011001110001000111111
1001000111001010101111100110000110111100010010010101001111
1110001011011111110011010001110011111010101
110000000110111111100010110010101011011000000111001
10101100101000001110010011111000010011001111111
001001010101110000011000011101001111010011000
0000001001100111100001001111111000000100010101
10000100110001001011001010100000000000111111
100111111001100100010010101010110101001101
101001011101000100011110111111001111011101010
00001110000111010101100011110110100011111111010011101001
10110100111001110011100010110000111101110
10111111101100000000010100110101010110000111
11001001001111101000101101101000100101011100010111
011111110110111000011111001110101111000000
11111110001101101111100001001010001100
00101111000111111000101101001000110001101111010010
1110101101100100111001111001001110111001001011100000100100
0001001111101110001101111110010010
1110000101000111100010110000000111000010110101001101100100
010001001011111110110001101000011011110111000
1001101111111011101011110010010011111001100101011010
0010110000011100111110101011100
01110010011000001111011111011001100
01001101101101000111010111001011011110000010110
110101110111010001111100110011100
111001000010011111011001010011010110
1001101110001111111111001100110010010100000110001110101011
001100110010011101100100001011101
1110010101010000101101101011000101100
0010111110101010010101100110010001010110100000
011110110000010011110000000010111010001001
11110101111110111000101001110101010001010101100
011110100110011001010000011110011100
0011111001101000010101001110000
0110100111101000101100011101101010000001010110101101100010
101100100100100110001100001111100010000101
1110011010011000001001000001010001010111001101101
1111111000100010100010001100110011
0110110010111111110101100101000011100101101
10100100011101001010001011001101111111
11101000011011110110000101110010100111110011
1010010010001011111010101001110001000101111010101
0101111001101110111000100001000110000000
010100101101001011011101001010111
010111001000011100000011001110110
1101110000111000000111110011010111000000100
000001010100000010101110010110
100001001101101100001011010100001001101010010100111110011
00100010100111110101000111110100110111100111000100000011
01111100111101111001011011110001110001010101110010111100011
110100101000101001010011110101011001100000010
00100101010010011100010010001111100110000001000010001001011
0011111011010100110110110100010
11000111011001100110001011100101
0001110000101101001011100101001001011011001010
100101100011011110101111100110011001011
0010101010001011000101011101001001101000
110101100011100010011110010000111000110111000101110001101
011001001111101111010100001100011111011100111
10111110110001100011000110000101110001010100010010110111
101000101100001101110100000111001000010100000
10001010010001011111110110011000101
100100001010101101010001101000011111111111
01111000000110111100011100111010101101110
01011111010110000101111101000001000101001010
10010101010000000100010110010001
0000100000001100100110010011011010
00110110000100111111010111001001010010
100001010111100001100100000010101111011100000000
1001101111010000100011110110100101011100000110
001111001101000101100001111001100011110000010000100101010
1010011000101001101110111000101100111
10100001111010000100101111100111100100010011011000100011
