11110001111100100
00110000011101110110
000001101001000000011000
1001111101110001001
011010110000011100000010
010001010010101111
001000100010000011001
1000111011011010111
1101011000110111001011110
1110100110100111010011
01000100011101110101
10101100001101111100010101
10101111011110010100000
01001100110100001010
1100000000010000
01110111001101101
0000000011011101010100110
01110110101000101011110000
11011101000010110101
100000001100110111
1111010001110010011000011
1010101111000011111
110000001000010010111111
0111010011001011000
001010001111000100111111110
10110001001111001011101010
010000001000100011110100001
11001001101011001001110011
1110101111110000101111101111
011100001100111111
101100111001011011
100101010010111011001000111
001001110000010111001010
101100100111100100101010
11001100010100101011000
10011000001111100110000
0111110010000000010
0100111111011100001101111
11111011000111111011010110
0110110000100100001011
01001111001010000010111
11010100011100100
100100011100001011101
10110001011001000111111
101001011110111100
0111110000111000010
1111000100001110001100
10011011100000010010110110000
011110101011011011000110010
100011100011001010000010
0011001001100000110
0001011001101001111
001001011001010001000101100
11010110110010111011111
00100000101101010010001001
0010111111111010
001000010011101111000100
11101100010011010101000101
0101010101101011
011110010010110011101
00111000000111110
0101000101111000
1010010011101101101
0111010010101001001111
100010100001111101
00110111010000001010
001110011110100
011101101101001000110001111
0110101110101111
0010100101101100001010110101
110100110010111111
110011111111100000111
11100001010000111010
00001000101010000001001011000
0010000000000001001011010100
001011010100100101100110
0010000000011110111101110
0010110000100110000001111
0011011110011010111001001
1110001111000100
1111010010011000111
00011010111000001000001000
0111100010111000110100011001
01111001000111000011001
00011101011111000011
11000101011110000111001011
1011111110001100100111
0011000010110001011001000
01010011011010111110
110011011110100
0101001110001011111001111
1010011000111011110
0111010101010110011010000111
110101110011011100
1100100110101000101000010
101111011110010111010111
111100000111110000010000
0011101100100101010100000110
10011100010000011100110
1101001111000001001010
