1211332230033110230031023
00310031120013012
20003002100011102101313310
11113110010221332002212303201
3200302002101010330312031
33102023023223103
012302220211300
03032111330033230021
032303210313301012012
013023232320220030313310332
00001303232020103102103
3102022022031133010221212
332331030012030021110130311
230122010000012002133203
3030112110330131131
1233322132122133
1031022123210132121313230111
03112311123000023332023312
23123130321033330
023311330302321001
011231221121100
1201231120220300113021
3210011033001312111020021111
2031131201132111333003213120
031022123320122230123232001
2102012333123320112010302222
300003011301020000112222120
03133133000230302
0231013200103130122012010013
32021123103113133101303210212
11013221132013322232033310331
1232320101121210003323
1231132300223021032200
10003232011120011033002101332
3333321201323123333
3321032320213102010
33221110002301000302323
03100203131202203
0320323303232223221
2313112021120323123111
332210032312020001121010
33200233010110301113110232333
123320213230300
1102023002302203132
30133032031102300
1010032023013310200130002021
20232231000001332323332302101
13332112322322011203133323203
3122010233012232300302231
23012321232211112331
2111133013200033
011232303132200321110
200300232210002312
0021113220303302300222322011
3113320013322311330332
120321030103030003321
32122010222210313320223233122
11020231310131223111130023031
22321310101110232113322
3023031220030131102
0022231123010200112
122101211001133320000
102103223001103020022111
02002022232220120231133
0101312332313131113310
2303002203212031321112023
2232311002020023103
22333010212031333033232
3020011230130333013322
13111030332033123232221
221203022230220213
0232112300013221321
030022103023212030330003
30112211223033331313112111
1113011133312102002311002223
3001131303202323
03022132210003013123213103331
3213031023123223310103
003302122301332
11101320231300200130003
33332220330022101201221201301
2111033233233010132100323332
001113102001231211300000
2331132103231321333
0132132102122103021013022231
20203013223001211
133112131332112
123211101110232
210332301232311130301
03123311232331122
0113220230200332121230113
3021222320222121130111323320
1131300223031212120021130
23230303130112011203011010
232121311311001123131
3000101123101310033103110
02311211332000010101100110031
22313001230030032002
23230233002233103
2222232112233021
