30220302203232020203010230232321310300120110312302303
3331220130233201002101320303303232310020003
23030200333023323202100102103131000021120023311
01111121001311011123231233121211032100300031103
11230313331013112332323022102023102100
33230102331123021301100120330303
2233212123010223200301101010003232113331332310200230
011021120312131022310221021312313021
3322103020203312122031110300112010220222203130302201323
1302122220032210202101123203033123332110113031011222000320
2313212133330030001113033003201003320133022031131203
021020231230110203232323011210322
210102332103302230110121301223300310113023
10133201213303031322013030032320333310031
2232102322022322212011000100120303213002200002323130231
01313313230230011011203212201332123020003
2212322131123311321202002202303120
22231303230023103313130020302300123220103202112003023021
112013102322022230302012031012020221131023
220110013021012020000322013033321332033302003212
12301112012300003202232033310131022133300131101021
00103000013212021321331011113200220120132
133120002333000123023200030122232100200033330
12210231230212131311331330220211032111231222031
22211300322313013220000122321033310000102333301223220232021
300220220323322223003233121112303321003002330212112031300
2131120330331310212330010030031200313002031
32213012010113122202203103002121003300211223131311131011312
20320220201323232323133230021233222200220022301203112031033
12131311300302132212133333002310123211001031200022331
20120012030312012112232301130213
313331321233312020322223310123310203
31121012210202120011020321002301113210002022331302101103203
33200122222030220310220330220120100123
0110022222020223231032233301130102110332130122001
010203100231303013001101323321122102023102202
03000120212100212022330201021331232200221031023221110130202
311103003220321300222302033331223303200122110310333123022
1200033032033311020123011201130210210223022313021030001
22231222203221120321323033033201021103323212020022111
1002330300111100302022322110221321110100112222212120313
202023300110210022201113230103323121021032
13111301012032002301213321020232103233300103300230
1120300202123121010021011013312030020001213121233
3100210000120021331300131310202212
332332113100031031123033331100
031330003203230222311000301001301000000
21210333130230220321111211222210301031300323301033100
210032312210201101020021010120301311102023013123231233
303023330301003022031120311100031333222312022021230
02003213222311300131033232321021
2120313102211213133121001211033301333203130212
310032003310303211200013103011102
020123033302213013022222203302
1012202131123213010232110113131232013222000322323312120
310001330303221222110033301021112222311301220002223223123
22003221112213031032210232100033233211322213113212030013
20333212133232113020301210212100103021200223030302333
1003121232223031003333202221211312
3001323213130123121100322131210120213
301131220301001023121331112331121231323
130232221302230312303020221100013033211001230221011310032
02203113030131220302010201201021202113022132220210011032212
10030212110023201222230033211002112133310
1333301233133021232223300330033122023102011013133
2121130030321211002023133220210
22131230233010110012321203221223103222301202
232200121330111001100322220032212032001130201301
11013332301122331231310330021232333323113231020100231220
323112011330013201221331122312
011123131131101002223211303312113221231300020120302320
203111220002233103223303301231211122300300
3000032222211233101222001011112
130123311122011122000002113231
0022311023203010230201222010322330122320
0110212220233013112331233012220331312230213110021220
00311133122220003121002101233333320030002220220233
03113232121113122122000033112002313203111
232010133133222331333213012123
122132221021203100030203211000
132220012033232333333132013013022201202011330230123002
03100002322003210303322331231111021131323223
001310233230021102223310233012113
003332122113311130010203321030
0023000221310021021120113323332330230222313
2112333130220113002300312131231003202111203210110301
3210123003132113221213310023132013122032301112130221212
202330300032020021133223100322
03332023032230232311233100132312201103002
22201032112022032233013120120303123323130303
02031333211220310233121031131011210000321013
0012303110121031113213212023113120
103323000001110320102121301021032320220220331
20330212302000200032011033123221211232132332013
12210323332210301021230033331232010012001222
123210000130021213233301302121333210
2133033301003332311332101100203012322212312
12103302113323313211013230131322133023300233120
011020320012330123112013202322023122
102110101220333002200222201333103020
